47.78883600725531
9.03595700516383
53.64386123434529
75.02794812787428
71.76697260949562
51.57726911272564
60.36250906285915
35.404292438932664
87.67118582374796
12.750277293486494
48.492860288384385
68.82591879037682
26.869300491899136
17.636688757947567
85.66282634868142
50.78265852861972
20.37432060806983
74.14862840787521
5.290717147417983
77.09226424165094
76.08312171376772
99.58210476854721
96.51597690364184
89.71498779472797
66.52673555614034
68.5883376931654
51.72432927712148
72.7545080174531
21.291347680033603
68.53282670970164
67.39533975974176
32.59410650164993
31.88330478546497
41.209100076124955
37.192636311465414
43.81718945161559
34.83203191771304
46.527424259872845
48.31580742624063
97.41765094629562
18.251434683429256
65.108321996006
17.13775736218761
56.81830227324521
90.91343378672526
25.676526245519028
94.06253029204898
94.38455986583259
88.12649089612567
41.77314529758118
68.35591377459124
31.44570352700524
66.3575182936926
93.58205401387423
56.42484186435525
17.317553443135708
98.58731156028051
18.601142247942636
0.651429332311838
9.458036371172426
21.847663411440294
33.47989027581389
19.423662301817735
40.681116314963475
36.25255805139368
7.591719870131721
60.44710028995035
9.304685099121919
99.10636022832519
22.813037602682925
61.77064346150827
36.21455804977145
99.34870155299399
31.54028570807708
10.214199393395775
98.08929314628521
100.67869012275897
38.192288026836906
76.04735517546523
61.449625607186995
0.1904426231501446
38.31717032291687
52.83539798913955
24.771381240949548
56.24734998939069
43.95142707691886
96.34277371851647
65.63226607884116
16.624295089871136
56.06338948803697
25.263901235259222
5.750603233522117
74.65502551499569
36.754026055494016
96.33737594577275
12.817995409865812
84.23617283951116
78.38521504509842
78.09206471269222
37.22814440475571
